1 燕麦片 food_ymp 0 0 0 5 10 18 7 0 3 37 29 29 9 32 19 13 0 0
1 土豆粉 food_tdf 0 4 0 2 4 59 6 0 7 17 16 5 21 16 12 14 0 0
1 面粉 food_mf 0 0 0 2 38 3 46 0 2 58 6 6 2 7 17 14 0 0 
1 面包 food_mb 0 0 0 2 10 20 19 0 10 31 20 15 5 19 22 11 0 0
1 薏仁米 food_m 0 0 0 0 9 20 6 0 3 31 20 19 6 41 17 14 0 0
1 小米 food_m 0 0 0 0 22 30 21 0 1 38 28 15 4 22 18 15 0 0
1 糙米 food_m 0 0 0 0 3 39 5 0 3 23 36 18 6 9 13 14 0 0
1 糯米 food_m 0 0 0 0 4 8 2 0 1 20 6 11 2 7 11 15 0 0
1 大米 food_m 0 0 0 0 4 11 2 0 1 10 9 11 2 0 11 14 0 0
1 面条 food_tdf 2 0 2 2 33 17 57 12 4 50 14 17 5 9 24 15 0 0
2 玉米 food_ym 1 8 0 0 4 7 11 0 0 7 9 4 6 5 5 3 0 0    
2 扁豆 food_bd 5 14 0 3 7 2 16 0 5 9 10 3 5 9 4 2 0 0
2 芝麻 food_zm 0 0 0 2 19 61 24 0 98 182 88 70 10 31 30 23 0 0
2 红豆 food_d 0 0 0 0 17 27 156 0 7 62 32 46 27 33 33 13 0 0
2 黑豆 food_d 0 0 0 1 15 22 111 0 12 63 43 33 32 41 36 14 0 0
2 芸豆 food_d 0 5 0 1 17 31 99 0 8 84 35 25 29 40 38 13 0 0
2 蚕豆 food_d 0 2 0 0 26 28 106 0 10 84 48 29 23 66 44 14 0 0
2 小扁豆 food_d 0 5 0 3 16 42 120 0 6 94 31 43 20 80 43 14 0 0
2 绿豆 food_d 1 5 0 3 18 29 156 0 13 84 47 24 27 43 40 14 0 0
2 黄豆 food_d 0 7 0 6 67 29 94 0 28 196 70 44 38 24 61 18 0 0 
3 黄油 food_hy 76 0 10 15 3 0 1 7 2 0 1 1 1 0 1 29 0 0 
3 牛奶 food_nn 2 1 0 0 15 4 1 16 14 1 4 4 4 0 7 2 0 0  
3 酸奶 food_nn 0 1 0 0 18 4 3 25 20 1 5 9 5 0 10 2 0 0
3 奶粉 food_nn 0 6 0 0 134 27 13 166 123 4 29 40 36 0 59 14 0 0
4 枣 food_z 0 14 0 0 28 0 0 0 8 23 9 2 11 0 6 11 0 0
4 葡萄干 food_pt 0 3 0 1 10 13 1 0 5 24 8 2 16 10 5 12 0 0
4 莲子 food_lz 0 0 0 0 12 48 26 0 16 44 53 10 29 0 26 13 0 0
4 瓜子 food_lz 0 2 0 234 27 103 57 0 8 66 81 45 14 23 35 23 0 0
4 杏仁 food_lz 0 0 0 175 78 11 13 0 26 47 67 28 15 32 35 23 0 0
4 板栗 food_lz 0 43 0 0 7 34 18 0 2 19 23 8 10 0 7 10 0 0
4 坚果 food_lz 0 1 0 4 12 21 3 0 9 46 33 12 8 23 13 29 0 0
4 开心果 food_lz 2 6 0 15 12 131 13 0 11 49 30 20 22 27 34 22 0 0
4 核桃 food_lz 0 2 0 0 12 10 45 8 0 6 39 50 31 11 18 40 25 0 0
4 花生 food_hs 0 0 0 56 10 27 60 0 9 57 42 30 15 22 43 23 0 0  
5 鲈鱼 food_y 3 2 0 0 6 9 4 83 8 19 8 6 8 0 31 5 0 0 
5 青鱼 food_y 13 0 0 0 6 31 1 225 1 6 8 7 8 0 33 5 0 0  
5 鲤鱼 food_y 1 2 165 4 4 15 4 64 4 16 7 13 7 0 30 5 0 0
5 黄花鱼 food_y 6 1 0 0 13 23 4 83 6 11 8 6 6 0 29 5 0 0
5 草鱼 food_y 6 0 0 0 5 15 4 83 7 16 8 7 8 0 28 4 0 0
5 蟹 food_x 0 3 0 0 3 12 11 375 9 9 9 32 7 0 30 3 0 0
5 龙虾 food_lx 0 0 0 6 1 8 3 52 8 3 10 32 4 0 28 3 0 0
5 虾 food_x2 6 0 1 9 1 12 5 46 5 3 6 9 2 0 23 3 0 0
5 生蚝 food_sh 9 9 0 0 18 4 3 667 1 64 6 151 4 0 16 3 0 0
5 鱿鱼 food_yy 1 5 0 8 32 4 1 54 3 9 8 14 5 0 26 4 0 0
5 海参 food_hshen 0 0 0 0 72 0 0 0 3 8 0 0 0 0 22 2 0 0
5 牛蛙 food_nw 2 0 1 7 19 9 4 17 2 19 5 9 6 0 27 3 0 0 
6 苹果 food_pg 0 5 0 1 2 3 1 0 1 2 1 0 2 6 0 2 0 0
6 杏 food_xing 11 11 0 6 3 4 2 0 1 5 3 2 6 5 2 2 0 0 
6 香蕉 food_xj 0 10 0 1 6 28 5 0 1 3 7 1 8 7 2 4 0 0
6 蓝莓 food_lm 0 11 0 4 3 4 2 0 1 4 2 1 2 6 1 2 0 0
6 杨桃 food_ytao 0 38 0 1 1 1 3 0 0 1 3 1 3 7 2 1 0 0
6 樱桃 food_yt 0 8 0 0 3 4 1 0 1 5 3 1 5 6 2 3 0 0
6 无花果 food_whg 1 2 0 1 4 9 2 0 4 5 4 1 5 8 1 3 0 0
6 柚子 food_yz 1 42 0 0 2 3 3 0 1 1 2 1 3 0 1 1 0 0
6 葡萄 food_pt 1 4 0 1 4 8 1 0 1 4 1 0 4 2 1 3 0 0
6 菠萝 food_bl 1 15 0 2 4 25 6 0 2 3 7 1 10 4 3 4 0 0
6 猕猴桃 food_mht 0 103 0 10 2 5 6 0 3 4 4 1 7 8 2 2 0 0
6 桔子 food_jz 2 49 0 1 7 3 4 0 6 11 5 2 4 17 3 3 0 0
6 柠檬 food_nm 0 59 0 1 2 6 3 0 3 8 2 1 3 7 2 1 0 0
6 橙子 food_jz 0 32 0 1 2 3 2 0 3 8 2 1 2 7 1 1 0 0
6 芒果 food_mg 6 40 0 6 3 9 11 0 1 2 3 1 4 4 1 2 0 0
6 桃 food_t 2 7 0 5 2 2 1 0 1 3 2 2 4 4 2 2 0 0
6 梨 food_l 0 5 0 1 2 2 2 0 1 2 2 1 2 8 1 2 0 0
6 菠萝 food_bl 0 53 0 0 2 9 5 0 1 4 3 1 2 4 1 2 0 0
6 草莓 food_cm 0 65 0 2 2 4 6 0 2 5 3 1 3 5 1 1 0 0 
6 西瓜 food_xg 3 9 0 0 2 3 1 0 1 3 3 1 2 1 1 1 0 0 
7 鸡肉 food_jr 0 0 0 2 19 39 0 23 1 10 5 13 11 0 29 6 0 0 
7 鸭肉 food_yr 6 3 5 5 16 15 3 10 1 30 4 12 4 0 19 16 0 0
7 鹅肉 food_er 6 3 5 5 16 15 3 10 1 30 4 12 4 0 19 16 0 0
7 猪肉 food_zr 1 0 3 1 24 39 0 17 1 8 5 15 8 0 34 7 0 0
7 牛肉 food_nr 0 0 1 1 15 31 1 123 1 30 5 68 7 0 32 7 0 0
7 羊肉 food_yrou 0 0 0 1 15 8 5 94 2 28 6 79 6 0 52 7 0 0
8 木耳 food_mr 0 1 0 0 16 7 5 0 2 7 6 6 1 0 1 1 0 0  
8 香菇 food_xgu 0 0 3 0 17 23 3 0 0 5 5 9 6 7 4 1 0 0 
8 杏菌 food_xgu 0 0 35 0 17 3 1 0 2 43 3 6 11 10 2 2 0 0
8 金针菇 food_xgu 0 0 1 0 15 8 12 0 0 14 4 6 8 7 4 1 0 0
9 芦笋 food_ls 4 6 0 8 11 7 13 0 2 27 4 5 4 6 4 1 0 0
9 竹笋 food_zs 0 4 0 7 5 18 2 0 1 6 1 10 11 6 4 1 0 0
9 西兰花 food_xlh 3 99 0 5 9 13 16 0 5 9 5 4 7 7 5 1 0 0
9 卷心菜 food_jxc 1 41 0 1 3 10 11 0 4 6 3 2 4 7 2 1 0 0
9 白菜 food_jxc 2 30 0 1 4 18 20 0 8 4 3 2 5 3 2 1 0 0
9 胡萝卜 food_hlb 93 7 0 4 4 11 5 0 3 4 3 2 7 7 2 2 0 0
9 黄瓜 food_hg 1 3 0 0 3 3 2 0 2 4 3 2 3 1 1 1 0 0
9 茄子 food_qz 0 2 0 2 3 6 6 0 1 3 4 1 5 8 2 1 0 0
9 生菜 food_jxc 48 4 0 1 5 6 34 0 3 12 4 2 5 6 2 1 0 0
9 洋葱 food_yc 0 8 0 0 2 9 5 0 2 3 3 2 3 4 2 2 0 0
9 辣椒 food_lj 2 89 0 2 2 17 3 0 1 4 3 1 4 4 1 1 0 0
9 土豆 food_td 0 22 0 0 2 23 4 0 1 10 6 3 9 6 3 3 0 0
9 南瓜 food_ng 47 10 0 7 8 5 4 0 2 10 3 3 7 1 2 1 0 0
9 白萝卜 food_blb 0 24 0 0 2 4 7 0 3 5 4 1 5 4 1 1 0 0
9 菠菜 food_bc 52 31 0 14 15 15 49 0 10 34 20 5 12 6 5 1 0 0
9 西红柿 food_xhs 8 18 0 0 3 5 7 0 1 6 2 1 5 2 2 1 0 0
10 鸡蛋 food_egg 18 0 13 7 35 13 12 37 6 22 3 12 3 0 21 6 0 0
10 鸭蛋 food_egg 22 0 11 9 31 19 20 225 6 48 4 13 5 0 21 7 0 0
10 鹅蛋 food_egg 21 0 11 9 29 18 19 213 6 46 4 12 4 0 23 7 0 0
10 鹌鹑蛋 food_egg 17 0 9 7 61 12 17 66 6 46 3 13 3 0 22 6 0 0
11 辣椒粉 food_mf 165 1 0 254 72 161 7 0 33 216 37 99 41 92 22 11 0 0
11 肉桂粉 food_mf 2 4 0 15 3 12 2 0 100 104 15 17 9 140 7 10 0 0
11 丁香粉 food_mf 1 0 0 59 17 30 6 0 63 148 65 21 22 89 10 11 0 0
11 孜然 food_mf 7 9 0 22 25 33 3 0 93 830 92 44 38 28 30 15 0 0
11 咖喱粉 food_mf 5 13 0 147 22 88 39 0 48 370 64 37 33 87 21 13 0 0
11 蒜粉 food_mf 0 1 0 4 11 127 12 0 8 71 19 27 25 24 28 13 0 0
11 姜粉 food_mf 0 1 0 0 13 48 3 0 11 248 54 33 28 37 15 13 0 0
12 冻豆腐 food_df 3 1 0 0 24 22 23 0 36 122 15 45 0 19 80 19 0 0
12 豆腐泡 food_df 0 0 0 0 4 8 7 0 37 61 15 18 3 10 29 11 0 0
12 嫩豆腐 food_df 0 1 0 0 0 0 0 0 8 19 0 0 0 2 10 2 0 0
12 豆腐 food_df 0 1 0 0 0 0 0 0 15 21 0 0 0 2 17 3 0 0
13 薯片 food_sp 0 21 0 45 18 56 19 0 2 20 18 22 35 12 11 22 0 0
13 巧克力 food_qkl 0 0 0 4 6 3 0 12 7 149 57 30 15 29 13 24 0 0
14 啤酒 food_pj 0 0 0 0 2 4 2 1 0 0 2 0 1 0 1 2 0 0
14 豆浆 food_dj 0 0 8 0 16 0 3 51 12 6 4 2 3 1 5 2 0 0